A:1,0,3,0;3,0,4,1;4,1,4,6;1,0,0,1;0,1,0,6;0,4,4,4
B:0,0,3,0;3,0,4,1;4,1,4,2;4,2,3,3;3,3,4,4;4,4,4,5;4,5,3,6;3,6,0,6;0,6,0,0;0,3,3,3
C:0,0,3,0;0,0,0,6;0,6,3,6
D:0,0,3,0;3,0,4,1;4,1,4,5;4,5,3,6;3,6,0,6;1,6,1,0
E:0,0,0,6;0,6,4,6;0,3,3,3;0,0,4,0
F:0,0,0,6;0,0,4,0;0,3,3,3
0:1,0,3,0;3,0,4,1;4,1,4,5;4,5,3,6;3,6,1,6;1,6,0,5;0,5,0,1;0,1,1,0;4,1,0,5
1:0,1,2,0;2,0,2,6
2:0,0,3,0;3,0,4,1;4,1,4,2;4,2,3,3;3,3,1,3;1,3,0,4;0,4,0,6;0,6,4,6
3:0,0,3,0;3,0,4,1;4,1,4,2;4,2,3,3;3,3,4,4;4,4,4,5;4,5,3,6;3,6,0,6;0,3,3,3
4:0,0,0,3;0,3,3,3;3,0,3,6
5:0,0,4,0;0,0,0,3;0,3,3,3;3,3,4,4;4,4,4,5;4,5,3,6;3,6,0,6
6:1,0,0,1;0,1,0,5;0,5,1,6;1,6,3,6;3,6,4,5;4,5,4,4;4,4,3,3;3,3,0,3;1,0,4,0
7:0,0,4,0;4,0,1,6
8:1,0,3,0;3,0,4,1;4,1,4,2;4,2,3,3;3,3,1,3;1,3,0,4;0,4,0,5;0,5,1,6;1,6,3,6;3,6,4,5;4,5,4,4;4,4,3,3;1,3,0,2;0,2,0,1;0,1,1,0
9:1,0,3,0;3,0,4,1;4,1,4,5;4,5,3,6;3,6,0,6;1,0,0,1;0,1,0,2;0,2,1,3;1,3,4,3
